1512.06473
1603.03116
1610.02357
1612.01543
1701.02426
1701.03504
1705.08292
1705.10762
1706.03762
1706.05806
1707.02968
1708.06834
1710.05050
1711.04623
1801.07892
1801.08930
1802.00420
1802.06509
1802.08246
1803.00184
1803.07485
1806.03884
1806.09055
1807.02758
1807.03858
1807.06521
1807.11622
1808.04947
1809.01999
1809.02104
1809.10282
1810.00150
1810.02851
1810.04247
1811.08196
1812.09441
1902.06326
1902.11266
1903.02271
1904.01067
1904.09286
1904.12426
1905.10742
1905.11833
1906.03548
1907.11223
1908.03491
1908.06663
1908.07125
1908.08681
1908.11229
1909.11515
1910.14599
1910.14667
1911.06978
1911.09976
1911.11907
1912.00589
1912.05237
1912.09857
1912.12854
1912.13151
2001.04451
2002.00059
2002.04523
2002.10099
2003.01060
2003.06060
2003.09005
2003.10142
2003.11766
2003.11927
2004.04037
2004.07211
2004.12289
2005.00406
2005.04272
2006.03908
2006.04218
2006.07253
2006.07556
2006.07846
2006.08344
2006.08472
2006.08844
2006.09081
2006.13833
2006.15417
2006.16524
2007.07732
2007.07860
2007.09990
2007.11571
2008.05706
2008.13367
2009.03693
2009.05794
2010.03694
2010.04466
2010.09515
2010.09889
2010.11782
2010.14298
2010.14495
2011.00931
2011.04006
2011.13456
2012.03488
2012.06421
2012.12877
2012.14583
2101.04061
2101.09258
2101.11986
2102.01862
2102.04002
2102.05375
2102.09310
2102.09480
2102.12567
2102.13086
2103.00336
2103.06877
2103.08896
2103.10455
2104.14294
2105.12400
2106.04426
2106.13797
2107.00778
2107.03358
2107.03767
2108.01624
2108.06819
2109.09824
2109.15102
2110.02529
2110.02687
2110.03753
2110.04328
2110.05208
2110.06199
2110.13716
2111.04724
2111.04840
2111.05013
2111.07337
2111.11188
2111.15668
2112.00114
2112.00597
2112.07804
2112.15034
2201.03544
2201.04021
2201.04684
2201.05078
2201.07284
2201.11528
2201.12825
2202.03026
2202.03576
2202.04478
2202.06201
2202.07679
2202.09061
2202.09244
2202.09671
2202.11672
2202.13065
2202.13197
2203.02485
2203.11171
2203.11932
2203.15332
2204.08721
2204.12466
2205.01917
2205.10569
2205.12374
2205.12551
2206.00278
2206.04425
2206.05060
2206.06487
2207.02039
2207.06680
2207.08050
2207.08132
2207.09572
2207.10866
2207.12819
2207.13085
2208.03111
2208.06193
2208.06974
2208.13141
2209.09391
2209.13508
2209.14988
2209.15562
2210.00849
2210.01834
2210.01883
2210.02615
2210.03142
2210.03403
2210.05461
2210.12067
2210.12368
2210.15956
2210.16774
2210.17145
2211.03003
2211.03216
2211.07394
2211.08458
2211.13206
2211.15518
2212.02582
2212.02710
2212.05199
2212.09058
2212.09251
2301.11490
2301.13195
2302.02503
2302.03251
2302.07851
2303.00848
2303.01728
2303.06937
2303.08040
2303.10137
2303.12501
2303.13375
2303.16187
2304.02207
2304.09797
2304.11632
2304.14391
2305.07888
2305.11598
2305.14019
2305.15086
2305.15508
2305.15956
2305.16817
2306.00172
2306.03083
2306.03872
2306.06362
2306.10012
2307.02499
2307.03393
2307.04317
2307.11073
2307.12070
2307.14071
2307.14539
2308.00177
2308.03300
2308.03726
2308.06015
2308.11838
2308.12394
2308.14132
2308.15272
2309.01219
2309.04669
2309.07742
2309.14181
2309.15025
2309.15112
2309.16240
2309.16397
2310.00152
2310.00212
2310.00809
2310.01469
2310.01728
2310.01904
2310.02129
2310.03368
2310.04400
2310.05130
2310.05707
2310.08433
2310.10080
2310.11778
2310.16044
2310.16667
2311.01017
2311.02392
2311.02805
2311.04902
2311.09127
2311.11284
2311.14479
2311.14770
2311.15100
2311.16933
2311.16973
2311.17245
2311.17565
2312.03286
2312.03700
2312.10035
2312.12275
2312.12606
2312.14074
2312.14535
2401.01275
2401.02330
2401.04658
2401.05430
2401.06604
2401.06890
2401.07993
2401.09671
2401.12070
2401.13544
2401.15947
2402.01408
2402.03293
2402.03348
2402.03375
2402.04080
2402.05044
2402.05841
2402.07148
2402.08211
2402.08733
2402.09193
2402.09240
2402.09470
2402.10260
2402.11148
2402.11729
2402.12022
2402.12519
2402.13555
2402.13718
2402.15480
2402.15938
2402.16158
2402.17228
2402.17764
2402.19479
2403.03100
2403.05189
2403.07346
2403.07955
2403.10228
2403.10415
2403.11391
2403.15249
2403.15837
2403.15881
2403.17360
2403.17888
2403.17921
2403.18036
2403.18301
2403.19600
2403.20213
2404.00254
2404.00506
2404.01143
2404.01268
2404.01740
2404.02241
2404.02837
2404.05086
2404.05639
2404.05955
2404.06512
2404.06791
2404.10942
2404.12467
2404.13491
2404.16168
2404.16397
2404.16880
2404.18416
2404.19245
2405.06394
2405.07840
2405.09057
2405.11525
2405.11566
2405.14522
2405.14596
2405.14629
2405.14636
2405.14739
2405.14755
2405.15223
2405.15476
2405.15757
2405.16156
2405.17253
2405.17455
2405.18719
2405.20759
2405.20771
2405.20985
2406.01649
2406.04068
2406.05335
2406.06110
2406.06525
2406.07548
2406.08391
2406.08511
2406.09375
2406.11898
2406.12793
2406.12898
2406.12928
2406.13653
2406.14991
2406.15524
2406.15951
2406.15972
2406.19501
2406.19972
2407.01920
2407.06023
2407.07356
2407.08608
2407.08733
2407.09887
2407.10666
2407.12665
2407.13252
2407.15110
2407.15558
2407.15880
2407.15888
2408.00144
2408.02965
2408.03247
2408.09027
2408.09085
2408.09377
2408.09446
2408.10120
2408.10147
2408.10854
2408.10858
2408.12659
2408.13767
2408.14037
2408.14819
2408.15237
2408.15956
2408.16249
2408.16429
2409.03752
2409.03986
2409.04140
2409.05809
2409.05937
2409.07394
2409.08202
2409.08861
2409.09337
2409.09650
2409.10173
2409.10482
2409.12371
2409.13931
2409.16235
2409.18025
2409.19718
2409.19798
2409.19949
2409.20361
2410.01242
2410.01476
2410.02052
2410.02082
2410.02343
2410.02935
2410.03168
2410.03176
2410.03592
2410.04088
2410.04798
2410.06072
2410.06264
2410.06795
2410.06851
2410.08288
2410.08829
2410.08979
2410.10629
2410.11275
2410.12613
2410.12832
2410.13792
2410.16736
2410.17546
2410.18403
2410.21035
2410.21533
2410.21683
2410.22316
2411.00666
2411.02265
2411.02372
2411.02708
2411.02796
2411.02998
2411.04105
2411.05712
2411.05821
2411.06518
2411.07132
2412.03439
2412.04315
2412.04619
2412.05244
2412.07517
2412.09758
2412.12175
2412.18303
2412.19423
2501.00855
2501.01056
2501.01223
2501.01420
2501.01472
2501.01658
2501.01957
2501.03120
2501.06148
2501.06807
2501.13121
2501.13567
2501.13604
2501.13652
2501.13818
2501.13826
2501.14002
2501.14171
2501.14371
2501.14413
2501.15007
2501.15187
2501.15255
2501.15409
2501.15431
2501.15452
2501.15556
2501.15570
2501.15981
2501.16002
2501.16117
2501.16247
2501.16265
2501.16607
2501.16865
2501.16899
2501.17030
2501.17039
2501.17296
2501.17391
2501.17569
2501.17860
2501.17893
2501.18093
2501.18282
2501.18493
2501.18564
2501.18823
2501.18954
2501.18959
2501.19054
2501.19105
2501.19319
2502.00283
2502.00321
2502.00396
2502.00418
2502.00464
2502.00472
2502.00558
2502.00691
2502.00728
2502.00729
2502.00757
2502.00802
2502.00922
2502.01070
2502.01090
2502.01159
2502.01383
2502.01628
2502.01634
2502.01667
2502.01778
2502.01922
2502.02322
2502.02332
2502.02372
2502.02539
2502.02671
2502.02834
2502.03609
2502.03639
2502.03668
2502.04296
2502.04528
2502.04730
2502.04889
2502.05040
2502.05107
2502.05442
2502.05537
2502.05567
2502.06026
2502.06193
2502.06269
2502.06329
2502.06387
2502.06643
2502.06756
2502.06805
2502.06999
2502.07022
2502.07358
2502.07399
2502.07441
2502.07466
2502.07620
2502.07734
2502.07951
2502.08178
2502.08317
2502.08590
2502.09935
2502.10059
2502.10119
2502.10239
2502.10422
2502.10436
2502.10440
2502.10983
2502.11023
2502.11062
2502.11179
2502.11196
2502.11520
2502.11609
2502.11862
2502.11986
2502.12013
2502.12420
2502.12449
2502.12476
2502.12490
2502.12545
2502.12665
2502.13078
2502.13124
2502.13335
2502.13339
2502.13502
2502.13775
2502.13825
2502.13886
2502.13959
2502.14166
2502.14400
2502.14842
2502.14913
2502.14949
2502.15012
2502.16069
2502.16090
2502.16182
2502.16475
2502.16496
2502.16907
2502.17003
2502.17039
2502.17206
2502.17254
2502.17264
2502.17349
2502.17363
2502.17739
2502.17753
2502.18525
2502.19645
2502.19980
2502.21038
2503.00524
2503.02170
2503.03146
2503.03269
2503.03480
2503.04034
2503.04730
2503.04735
2503.07416
2503.07426
2503.09143
2503.09151
2503.09243
2503.09279
2503.09294
2503.09445
2503.09514
2503.09662
2503.09819
2503.10112
2503.10210
2503.10218
2503.10468
2503.10781
2503.11207
2503.11269
2503.11272
2503.11280
2503.12009
2503.12049
2503.12218
2503.12720
2503.12882
2503.13385
2503.13413
2503.13777
2503.13795
2503.13985
2503.14012
2503.14226
2503.14504
2503.14881
2503.15004
2503.15528
2503.15877
2503.15910
2503.15952
2503.16278
2503.16579
2503.16910
2503.17071
2503.17213
2503.17267
2503.17350
2503.17425
2503.17712
2503.17798
2503.17825
2503.17952
2503.17953
2503.18062
2503.18227
2503.18258
2503.18267
2503.18305
2503.18360
2503.18403
2503.18635
2503.18746
2503.18948
2503.19232
2503.19382
2503.19733
2503.19988
2503.20098
2503.20190
2503.20318
2503.20337
2503.20630
2503.20654
2503.20725
2503.20734
2503.20826
2503.21263
2503.21313
2503.21414
2503.21460
2503.21500
2503.22182
2503.22498
2503.22531
2503.22600
2503.22985
2503.22989
2503.23024
2503.23062
2503.23243
2504.02433
2504.03342
2504.04715
2504.06580
2504.06667
2504.07109
2504.07199
2504.07379
2504.07406
2504.07479
2504.07655
2504.08277
2504.08366
2504.08548
2504.08632
2504.08712
2504.08859
2504.08949
2504.08982
2504.09106
2504.09205
2504.09291
2504.09387
2504.09528
2504.09818
2504.09843
2504.10854
2504.10905
2504.11004
2504.11257
2504.11271
2504.11457
2504.11658
2504.11788
2504.11919
2504.12532
2504.13399
2504.13474
2504.13553
2504.13787
2504.13941
2504.14044
2504.14123
2504.14218
2504.14423
2504.14508
2504.14634
2504.14655
2504.15716
2504.15900
2504.16144
2504.16262
2504.16359
2504.16961
2504.17247
2504.17613
2504.17656
2504.17728
2504.17891
2504.17971
2504.18041
2504.18575
2504.18794
2504.19053
2504.19295
2504.19409
2504.19779
2504.19818
2504.19860
2504.19900
2504.20042
2504.20067
2504.20117
2504.20222
2504.20434
2504.20492
2504.20595
2504.20624
2504.20865
2504.20900
2504.20940
2504.21033
2504.21198
2504.21270
2504.21327
2504.21400
2504.21411
2504.21853
2505.00056
2505.00333
2505.00745
2505.01172
2505.01237
2505.01452
2505.04116
2505.04167
2505.05081
2505.05195
2505.05473
2505.05517
2505.05689
2505.05811
2505.06210
2505.06523
2505.07086
2505.07172
2505.07286
2505.07309
2505.07411
2505.07680
2505.07734
2505.07850
2505.07861
2505.07902
2505.08101
2505.08435
2505.08448
2505.08532
2505.08740
2505.08807
2505.08961
2505.09393
2505.09777
2505.09922
2505.09999
2505.10589
2505.10782
2505.10900
2505.11141
2505.11574
2505.11642
2505.11720
2505.11749
2505.12005
2505.12020
2505.12266
2505.12537
2505.13379
2505.13497
2505.13875
2505.14009
2505.14021
2505.14212
2505.14241
2505.14266
2505.14346
2505.14483
2505.14549
2505.14555
2505.14615
2505.14625
2505.14648
2505.14824
2505.14852
2505.14910
2505.15151
2505.15249
2505.15257
2505.15367
2505.15447
2505.15585
2505.15602
2505.15616
2505.15773
2505.15804
2505.16066
2505.16257
2505.16969
2505.17099
2505.17122
2505.18005
2505.18132
2505.18584
2505.18642
2505.18659
2505.18690
2505.18757
2505.18766
2505.18775
2505.18807
2505.18809
2505.18822
2505.18883
2505.18926
2505.19037
2505.19057
2505.19097
2505.19120
2505.19138
2505.19147
2505.19182
2505.19201
2505.19271
2505.19315
2505.19377
2505.19645
2505.20330
2505.20635
2505.20685
2505.20862
2505.20993
2505.21033
2505.21060
2505.21082
2505.21097
2505.21109
2505.21114
2505.21231
2505.21286
2505.21333
2505.21409
2505.21414
2505.21418
2505.21469
2505.21505
2505.21634
2505.21736
2505.21757
2505.21815
2505.21817
2505.21898
2505.22053
2505.22165
2505.22677
2505.23280
2505.23700
2505.23812
2505.23817
2505.23913
2506.00495
2506.01213
2506.01266
2506.01274
2506.01277
2506.01305
2506.01913
2506.04227
2506.06634
2506.06830
2506.06904
2506.06907
2506.08645
2506.09217
2506.09648
2506.09781
2506.10609
2506.10967
2506.12015
2506.12103
2506.12446
2506.12450
2506.12469
2506.12514
2506.12716
2506.12769
2506.12790
2506.12860
2506.12885
2506.12966
2506.13835
2506.15065
2506.15365
2506.15548
2506.15647
2506.15687
2506.15725
2506.15947
2506.16102
2506.16369
2506.16507
2506.16691
2506.16776
2506.17137
2506.17198
2506.17252
2506.17500
2506.17592
2506.17639
2506.17733
2506.17901
2506.17969
2506.18126
2506.18135
2506.18212
2506.18237
2506.18245
2506.18266
2506.18318
2506.18340
2506.18382
2506.18527
2506.18843
2506.18882
2506.18999
2506.20168
2506.20964
2506.21603
2506.21832
2506.21833
2506.21884
2506.22022
2506.22044
2506.22716
2506.22771
2506.23152
2506.23219
2506.23437
2506.23440
2506.23576
2506.23639
2507.00378
2507.00474
2507.00509
2507.00690
2507.00693
2507.00699
2507.00769
2507.00994
2507.00999
2507.01009
2507.01099
2507.01170
2507.01334
2507.01587
2507.02863
2507.02997
2507.04587
2507.04599
2507.04770
2507.04771
2507.05017
2507.05228
2507.05604
2507.06056
2507.06072
2507.06195
2507.06223
2507.06229
2507.06256
2507.06323
2507.06542
2507.06701
2507.06782
2507.06968
2507.07192
2507.07653
2507.07939
2507.08143
2507.08979
2507.09323
2507.09382
2507.09513
2507.09857
2507.10015
2507.10034
2507.10044
2507.10115
2507.10239
2507.10283
2507.10358
2507.10492
2507.10548
2507.10749
2507.11939
2507.11949
2507.11967
2507.12233
2507.12261
2507.14312
2507.17725
2507.17876
2507.21648
2508.00733
2508.01158
2508.01245
2508.01306
2508.01407
2508.01503
2508.01515
2508.02739
2508.05628
2508.10900
2509.15031
2509.15178
2509.15566
2509.15791
2509.23802
2509.25033
2510.09008
2510.09459
2510.11473
2510.16039
2510.16136
2510.17245
2510.19618
2510.19779
2510.19797
2510.20994
2510.22229
2510.23205
2510.24710
2511.00222
2511.00446
2511.05299
